ICEM MULCAD - VERSION 3.1.2 - BOUNDARY CONDITION DATA
NB OF DOMAINS , NB OF B.C. :
13 -1504223
POINTERS ARRAY (POSIB) :
0,0,0,0,0,0,0,0,0,0,0,0,0,0
NUMBER OF BOUND. COND. RELATED TO EACH DOMAIN (NSIBOC) :
1651794789,1651794789,1651794789,1651794789,1651794789,1651794789,1651794789,1651794789,1651794789,1651794789,1651794789,1651794789,1651794789
NB OF SUB-FACES , NB OF B.C. :
58 8
POINTERS ARRAY (POSIB) :
1,1,1,7,1,1,1,7,1,7,7,7,1,1,1,1,1,1,1,1
1,1,1,1,1,1,1,1,1,1,1,1,7,1,1,1,1,7,1,1
1,7,1,1,1,1,1,1,1,1,1,1,1,1,1,1,1,1,0
NUMBER OF BOUND. COND. RELATED TO EACH SUB-FACE (NSIBOC) :
0,0,0,1,0,0,0,1,0,1,1,1,0,0,0,0,0,0,0,0
0,0,0,0,0,0,0,0,0,0,0,0,1,0,0,0,0,1,0,0
0,1,0,0,0,0,0,0,0,0,0,0,0,0,0,0,0,0
NB OF ENTITIES , NB OF B.C. :
84 21
POINTERS ARRAY (POSIB) :
1,1,7,1,1,1,7,1,1,7,7,1,1,7,1,1,1,7,1,1
7,7,1,7,7,7,7,7,7,7,7,1,1,1,1,1,1,1,1,1
1,1,1,1,1,1,1,1,1,1,1,1,1,1,1,1,1,1,1,1
1,1,7,1,1,7,1,1,1,7,1,1,7,1,1,7,1,1,1,1
1,1,1,1,0
NUMBER OF BOUND. COND. RELATED TO EACH ENTITY (NSIBOC) :
0,0,1,0,0,0,1,0,0,1,1,0,0,1,0,0,0,1,0,0
1,1,0,1,1,1,1,1,1,1,1,0,0,0,0,0,0,0,0,0
0,0,0,0,0,0,0,0,0,0,0,0,0,0,0,0,0,0,0,0
0,0,1,0,0,1,0,0,0,1,0,0,1,0,0,1,0,0,0,0
0,0,0,0
NB OF VERTICES , NB OF B.C. :
40 0
POINTERS ARRAY (POSIB) :
1,1,1,1,1,1,1,1,1,1,1,1,1,1,1,1,1,1,1,1
1,1,1,1,1,1,1,1,1,1,1,1,1,1,1,1,1,1,1,1
0
NUMBER OF BOUND. COND. RELATED TO EACH VERTEX (NSIBOC) :
0,0,0,0,0,0,0,0,0,0,0,0,0,0,0,0,0,0,0,0
0,0,0,0,0,0,0,0,0,0,0,0,0,0,0,0,0,0,0,0
NB OF PATCHES , NB OF B.C. :
0 0
POINTERS ARRAY (POSIB) :
0
NUMBER OF BOUND. COND. RELATED TO EACH PATCH (NSIBOC) :
NB OF PATCH FAMILIES , NB OF B.C. :
24 24
POINTERS ARRAY (POSIB) :
1,2,3,4,5,6,7,8,9,10,11,12,13,14,15,16,17,18,19,20
21,22,23,24,0
NUMBER OF BOUND. COND. RELATED TO EACH PATCH FAMILY (NSIBOC) :
1,1,1,1,1,1,1,1,1,1,1,1,1,1,1,1,1,1,1,1
1,1,1,1
NB OF FREE SUBFACES , NB OF B.C. :
0 0
POINTERS ARRAY (POSIB) :
0
NUMBER OF BOUND. COND. RELATED TO EACH FREE SUBFACE (NSIBOC) :
TOTAL NB OF B.C. , SIBOC ARRAY SIZE :
24 24
DATA FOR BOUNDARY CONDITIONS (CSIBOC,SIBOC) :
*PART_1_1
0.0, 0.0, 0.0, 0.0, 0.0, 0.0, 0.0, 0.0, 0.0, 0.0
*PART_1_2
0.0, 0.0, 0.0, 0.0, 0.0, 0.0, 0.0, 0.0, 0.0, 0.0
*PART_1_3
0.0, 0.0, 0.0, 0.0, 0.0, 0.0, 0.0, 0.0, 0.0, 0.0
*PART_1_4
0.0, 0.0, 0.0, 0.0, 0.0, 0.0, 0.0, 0.0, 0.0, 0.0
*PART_1_5
0.0, 0.0, 0.0, 0.0, 0.0, 0.0, 0.0, 0.0, 0.0, 0.0
*NACELLE
0.0, 0.0, 0.0, 0.0, 0.0, 0.0, 0.0, 0.0, 0.0, 0.0
*PLATE
0.0, 0.0, 0.0, 0.0, 0.0, 0.0, 0.0, 0.0, 0.0, 0.0
*PILLAR-UP
0.0, 0.0, 0.0, 0.0, 0.0, 0.0, 0.0, 0.0, 0.0, 0.0
*PILLAR-BODY
0.0, 0.0, 0.0, 0.0, 0.0, 0.0, 0.0, 0.0, 0.0, 0.0
*EMISPHERE
0.0, 0.0, 0.0, 0.0, 0.0, 0.0, 0.0, 0.0, 0.0, 0.0
*REFERENCE
0.0, 0.0, 0.0, 0.0, 0.0, 0.0, 0.0, 0.0, 0.0, 0.0
*PILLAR-UP-DOWN
0.0, 0.0, 0.0, 0.0, 0.0, 0.0, 0.0, 0.0, 0.0, 0.0
*COCO01
0.0, 0.0, 0.0, 0.0, 0.0, 0.0, 0.0, 0.0, 0.0, 0.0
*COCO02
0.0, 0.0, 0.0, 0.0, 0.0, 0.0, 0.0, 0.0, 0.0, 0.0
*PRIORITY3
0.0, 0.0, 0.0, 0.0, 0.0, 0.0, 0.0, 0.0, 0.0, 0.0
*COCO01FAMILY1
0.0, 0.0, 0.0, 0.0, 0.0, 0.0, 0.0, 0.0, 0.0, 0.0
*COCO01FAMILY4
0.0, 0.0, 0.0, 0.0, 0.0, 0.0, 0.0, 0.0, 0.0, 0.0
*PRIORITY2
0.0, 0.0, 0.0, 0.0, 0.0, 0.0, 0.0, 0.0, 0.0, 0.0
*COCO01FAMILY2
0.0, 0.0, 0.0, 0.0, 0.0, 0.0, 0.0, 0.0, 0.0, 0.0
*COCO01FAMILY3
0.0, 0.0, 0.0, 0.0, 0.0, 0.0, 0.0, 0.0, 0.0, 0.0
*COCO01FAMILY5
0.0, 0.0, 0.0, 0.0, 0.0, 0.0, 0.0, 0.0, 0.0, 0.0
*PRIORITY1
0.0, 0.0, 0.0, 0.0, 0.0, 0.0, 0.0, 0.0, 0.0, 0.0
*PRIORITY4
0.0, 0.0, 0.0, 0.0, 0.0, 0.0, 0.0, 0.0, 0.0, 0.0
*SOLID
0.0, 0.0, 0.0, 0.0, 0.0, 0.0, 0.0, 0.0, 0.0, 0.0
NB OF ANALYSIS DATA SETS :
0
DATA FOR ANALYSIS (CANDAT,ANDAT) :
